1010000010110000   1
1010011011011101   0
0010101111001110   0
0000100000011000   1
0000000011011010   1
1100010011011001   0
1110101001001110   0
1011111001011111   0
0100000001111111   0
0011001000011000   1
0111000101101000   1
0111000110010101   0
0101011100010010   1
0010010110100011   1
1110101111010001   0
0001110100000110   1
0001101101111101   0
1010010111111100   0
0100110000010000   1
0101110001101001   0
1110101000101011   0
1000110111010010   0
0110000110010110   1
1000010110101101   0
1110001100010011   0
0011010110101100   0
0110010000110011   1
0111001011001001   0
1011001010011001   0
1001000101111100   0
0001011110101001   0
0000011000001101   1
0000001001110111   1
0101000101000111   1
0100010000011011   1
1101001111100000   0
0101101100010100   1
1101100000010011   1
1100000000010110   1
0111101111000100   0
1101100111100011   0
1000110000111111   0
0010001101101111   0
0000011110000100   1
1001100100011011   0
1000010010010000   1
1000110100101110   0
0111111101101100   0
1001001101100111   0
1110011100010101   0
1010010101011011   0
1000101100110100   1
0010101101110100   0
1010011001000001   1
1111001010110111   0
1001000110100110   1
0010110111111110   0
0011110101001011   0
0110001110011001   0
0001111101011011   0
0010000010110011   1
0001100001101001   1
1110111011101001   0
1011010110100011   0
0011000110010000   1
0011011101100110   0
0110110111010100   0
0001111011111000   0
0000110111110101   0
1011010000010001   1
1000011010001000   1
1011111100111110   0
1110100011000000   1
1110010000000001   1
0100010100001011   1
1100011001101001   0
0111100001011001   0
1101001101100111   0
1011111011100001   0
0100000100100110   1
1101011101111011   0
0000011101000111   1
0110000000101000   1
1000011010101011   0
1101001001010101   0
0101000011111011   0
0011100010010011   1
0110110000001100   1
0001100000110000   1
1111101110011001   0
0100000010111110   1
0110000110100001   1
1001010111101010   0
0111101000000011   1
1111100011010011   0
0100100110110011   0
1010001111011111   0
0000001001001001   1
1101011001101100   0
0001010000000110   1
0011011101000111   0
0100000010010011   1
1011100010011100   0
0000001000001111   1
0010100011110101   0
0111011000011111   0
1101111110010011   0
0011001100111000   1
0111001111101101   0
0110011000111111   0
0100101101000001   1
1001100111001110   0
0100001111111010   0
0110110010011011   0
0101001110010011   0
0010010111000011   1
1100111000000001   1
1001000011111000   1
1111110011010011   0
0010110101101010   0
1100001001001111   0
1100110010010110   0
1110100100000000   1
1110111100001110   0
0111001010000110   1
1001000011011001   1
0000101011101101   0
0010101000110001   1
0000100111101110   0
0001010100101110   1
0011100110111000   0
1011110011111100   0
1111010110101101   0
0111111111100111   0
1110100011111110   0
1110101001110000   0
1100111111111011   0
0010010011001110   1
0111100000100001   1
0111111010000100   0
1101101110110101   0
0001100011101000   1
0100101010001110   1
1011011100010111   0
0110011110100110   0
0000011101100111   0
1010101110010101   0
0010011000011110   1
1101101110100000   0
1000001010101100   1
0101101110111011   0
0010101000000110   1
1100110101000010   1
0010000100101001   1
0011110000010001   1
0011100101101010   0
0011001110111000   0
1111001000000001   1
0001111011110001   0
1010011011110110   0
1011001011110110   0
0000100010010011   1
0110100010010001   1
1110110101100010   0
1010101011010011   0
1110011100111011   0
1111111100111011   0
1011101010011001   0
1001110101000001   1
0001000100100011   1
1001001000101011   1
0011001101111111   0
1110100000010100   1
0100010010110011   1
0101010111011101   0
0010100100000010   1
1001100100111010   0
0111010000000101   1
1111111010010010   0
0110100001000100   1
1101010110110011   0
1100000000101000   1
0000101100000101   1
1111011000001101   0
0011011011011010   0
1100011100100000   1
1010011101101010   0
1001010110010101   0
1001011011011101   0
1100001101011101   0
1011001110011110   0
1100100101100111   0
1110101101111110   0
0110010110110101   0
1111110111100100   0
0000101011001011   1
1111111010011110   0
1010110010010000   1
0000101001100111   1
0000010100000100   1
1100010101111011   0
1110010011000101   0
0011000000010001   1
1000100001000000   1
1011101001111100   0
1010111000100010   1
1011011111010011   0
1101000111100010   0
1000110000111011   0
1000000000100111   1
0010000100000010   1
1011100101100101   0
0000101011100011   1
0110111011101001   0
0001011101100100   1
1111101110111000   0
0100001101011011   0
0111001101011100   0
0111101100101011   0
0100000001010000   1
0011000101111111   0
0111111110000100   0
0101011100000001   1
0001010001110110   1
1000011110101111   0
0010101001101001   1
0010010100100110   1
0001100000000111   1
0001001100100001   1
0011100001010101   1
0101111110111100   0
0100001100010101   1
0010000111001111   0
0101011100000111   0
0011010011100010   1
1100011110010110   0
0000110000010000   1
0010110110000101   1
0000100110001111   1
1011001011110001   0
0101110001101010   0
1000101100111011   0
0010000101000110   1
1110101000010111   0
1100110000110011   0
0001100100101010   1
0000001011011100   1
0011111101110111   0
0001111001111111   0
0010111000111101   0
1000100011000010   1
1000100111001011   0
1110110001101101   0
1100010010110111   0
1000110111010011   0
0101010000110000   1
0100110111001110   0
0100000010010111   1
1110000101010100   1
1100110101101111   0
1110101110111101   0
1000000101101100   1
1111001010100000   1
0100000001000100   1
0010001110000110   1
0000110100101111   0
0110111110100110   0
0011100011001010   1
0011101110111000   0
1111011111011110   0
0101001100010010   1
1001000100001011   1
1011111111110010   0
0010011011000001   1
1100101101111011   0
0010001110010010   1
0101010100111000   1
0110111000100100   1
0111010011000010   1
1001001011100010   1
1001011011010110   0
1000001101100101   1
0111010010001001   1
1110111100100000   0
1110110011101011   0
1010100100100010   1
0001001111100101   0
0100101001101011   0
0000001011110000   1
1001010000110000   1
1100101111000011   0
0000010001000110   1
0110001101000001   1
0101001000101100   1
0111011011101100   0
1001000110101101   0
0111111000010111   0
1100110010100011   0
0011010001100010   1
0000010100110100   1
0001011110001110   0
0001011000101110   1
1011000011000100   1
1111000001001001   1
1011110001011010   0
0011101011000001   1
1101000001100110   1
0001111001010100   1
0111000111110111   0
0101010010011011   0
0010101001111010   0
1111001010001100   0
1110000011101111   0
1011111111010101   0
1011101111111101   0
0101110000101010   1
1011000101100001   1
1100101101001100   0
0010100011001001   1
0110011111110110   0
0011101010000111   0
0000100110001111   1
1100010111110110   0
1011011110101000   0
0101110111111110   0
1110100100001001   1
0010100001010000   1
1000111000100010   1
0100010001011101   1
0001001111011000   1
1000011000100100   1
1000001111101000   1
0000011110110111   0
1100111000111001   0
0001011001011011   0
1011011010011100   0
1100000101001100   1
0101101011011101   0
1010001111011000   0
1001110111011010   0
0100010001011001   1
0000110010001111   1
0011011101000101   0
0001011100110000   1
0111100011110000   0
0011001010011001   1
0000110111111111   0
1001110111000001   0
1110110001100111   0
1100111001100111   0
1100001111100010   0
0000011110100101   1
1011010101001011   0
0111110100010011   0
1001011100100100   1
0000111111000101   0
1010101001100001   1
1101010010010100   1
1011010101010100   0
0111000010001110   1
0100001101110101   0
1001110111001000   0
1110010100011111   0
1111101101011001   0
1111011101101101   0
1101000001110000   1
0101100101110101   0
1010111110110010   0
1111010011101010   0
0110011000110111   0
0100110000100000   1
0010100110111000   1
0100011111001110   0
0010010101100101   1
1000111000110010   1
0000110011011011   0
0011000001110110   1
1111001100011111   0
1111001111010111   0
0111111110011001   0
1110110100010010   0
1110110100110010   0
0001000100011011   1
0111010011011111   0
1000010111010111   0
0000010101011101   1
0001010101010111   0
1010110001100001   1
0111001100111011   0
1000110011111100   0
0101000101101111   0
1000101110101001   0
0000111111110000   0
1111100100100000   1
1001001101000011   1
1001010101011001   0
0110111101010000   0
1010101100101000   1
0000010010001001   1
0101101010010001   1
1010101100101100   0
0010000100010100   1
1011011100001110   0
0011010001111010   0
0001100100000000   1
1010010010101000   1
1110000110001010   1
1000000111110101   0
1101001000110010   1
0100111011101010   0
0110101011001111   0
1100011010000011   1
0100000110111100   1
0011111110110010   0
0100001100110001   1
1100110111111010   0
0110000111011001   0
1011011100100101   0
1001001110000001   1
1111111111100110   0
0100101111100011   0
0101001000111001   1
0011000100101000   1
1010011100110000   1
1011100000110001   1
1011111001111001   0
0101111011000101   0
1101011101001101   0
1111011001010000   0
0111111010001001   0
0101110010110110   0
0100011001011100   1
1111010010110101   0
1101011100111100   0
1011111101000100   0
0100110110000111   0
0001000000101111   1
1111011010000111   0
0010010101011101   0
1101000010100101   1
1110010110010110   0
0000000000011010   1
1111001100011101   0
0111101111001001   0
0010011010100011   1
0000010011001001   1
0100111001100001   1
0110110100101111   0
1110100001000111   0
0010111101111000   0
1101001011100100   0
1101101000100100   1
0011001111010100   0
1110100100110000   1
1110101011101100   0
1010010101001010   1
0010010001110110   1
1111100010001010   0
1110000010100110   1
1101111100001100   0
1110111010100110   0
0101111111110101   0
1100010010001000   1
1001100010000001   1
1111110110111100   0
0000000011001111   1
0110010001001000   1
0110101100011010   0
0100101010000001   1
1101000000101000   1
1001001000110001   1
1100101001011000   1
0111110101010000   0
1111101110010101   0
1000000011001010   1
0001011110011011   0
0000010001101011   1
1100001101101111   0
1110100000000010   1
1101001100110010   0
0001110011101110   0
0010010010011000   1
1100101110110010   0
1010000101011000   1
1111001101010111   0
0100000011101000   1
0111011100010110   0
0000011000000101   1
0011100101000110   1
0101100101110110   0
0101011000110111   0
1001000010101100   1
0100110001010101   1
0001010001100110   1
1011001000111111   0
0100110110110101   0
1101010100000001   1
1110100110111000   0
0001110000101011   1
1101111111100011   0
1110101101001010   0
0100110111111111   0
0000010101101000   1
1000001010011101   1
0000010100011111   1
0101100011010010   1
0010101010110000   1
1001001000100000   1
0001010001111111   0
0110100001010001   1
0110101001110000   1
0111110011111101   0
0011010011111010   0
0000101011010011   1
0000111001000001   1
1100011011011001   0
1011110010011111   0
1100001010001001   1
0101110110111100   0
0111010001001011   0
0011111110111111   0
0010011001011001   1
1100101000000110   1
0111000001110101   0
1000001111110011   0
1011110010111001   0
0011001110000010   1
0110111011011110   0
0111100001001011   0
1010010100010100   1
0001110000110110   1
0001001111111111   0
1100010111100010   0
0101100000001101   1
1001010001111100   0
0001000010011100   1
0011010110101110   0
0111011100100111   0
1011011001001101   0
0001001100000011   1
0001111100100010   1
0100100011111000   1
0111000100111111   0
0101001010001111   0
1000100110011100   1
0001010100111001   1
0001001010111100   1
1000001101111100   0
1101100110101010   0
0000111010111111   0
0111100010001011   0
1000101101011000   1
0000001101000001   1
1110001110101110   0
1000101000011011   1
1100101010110001   0
0111100000011010   1
0101011110110001   0
0000010101001001   1
0100011001100000   1
0111010010101100   0
0101101000111000   1
1110000111111100   0
0000010110000011   1
0010110111001010   0
0100011001001001   1
0100010110011100   1
1001101010000001   1
0100011110100100   1
1001110110101010   0
1011000100111000   1
1100010110011101   0
0000101111110111   0
1001010001100110   1
1100101100111010   0
0010010011111011   0
0111101100100010   0
1001100001101010   1
1000001010011001   1
1100101001000111   0
1111001100010101   0
0100111010111110   0
0001101110000011   1
0010000010001111   1
1000000111111101   0
1011111101110001   0
1110010110000110   0
1010010010101110   0
1110100110101000   0
1111100110010011   0
0101111000100100   1
0111010011001000   1
0001100000111010   1
0111101000000110   1
1011111110011100   0
1101111100010011   0
0010100101011010   1
1111111100101101   0
0111100111000110   0
0111010110001100   0
0011101100010011   0
1011011101111000   0
0111111001110110   0
0100110000011110   1
1101000001110100   1
1100110111000001   0
0110011010000110   1
0100101010010111   0
1011011100111101   0
0011100111110110   0
1101101011111001   0
0101111001110010   0
0001110010100010   1
1100100000010011   1
1011100110001010   0
0110010001111110   0
0110111110110001   0
1001011011010110   0
0101100001101010   1
0001111010111110   0
1010011010101010   0
1000100101111001   0
1100000111001110   0
1000001111010010   1
0100100010110110   1
1110011010101010   0
0000001101010000   1
1001010011110010   0
0110011101010100   0
0110001101111110   0
0000011111011101   0
1101010111111111   0
1010111011100111   0
0010100100000100   1
0010011100110000   1
1011001101001110   0
1100011001001011   0
0100010101101001   1
0110101110111100   0
1011010011100000   1
0001001001010101   1
1110111101101111   0
1011000000011111   0
1001100011110010   0
0010001000011000   1
1001110001100010   1
0111000110100011   0
0101011110101101   0
0111111100110000   0
0111000001011010   1
1011001111111001   0
0001001001000011   1
0101110000001000   1
1010110001011011   0
1000101101011010   0
1000011101000010   1
0011100011100000   1
1010001110110111   0
1001111110101001   0
1000000101111001   1
1000010101101001   1
0100010111101001   0
0110001011111001   0
1011101000110010   0
1100111111011100   0
0001100100110100   1
0101111000010111   0
0001111111000111   0
1000100000101010   1
1010111110001011   0
0101001011101110   0
0000111011001100   1
0001111111001100   0
1010101100000010   1
1000111110101101   0
1011000110010000   1
1110000001101000   1
1101011110010001   0
0101111011101001   0
1011011001001001   0
1010100101110100   0
0111010101100011   0
0000000111111110   0
1010000110001100   1
0001010110011100   1
1100000110001110   1
0000110011010100   1
1011000000100011   1
1111100100110000   0
1111001011100111   0
1101110000100001   1
0100110100010010   1
0111001001000000   1
1010010100010111   0
0110000001010111   1
0001110000000100   1
1111010100000010   1
0101111101101111   0
1111111101010000   0
1000111001001001   1
1010001101010011   0
1101110110110000   0
0000010011010000   1
0011011111011100   0
0010100010110110   1
1101001111101000   0
0100111111001010   0
1100111100100000   1
1111110011111010   0
1101000101001011   0
1011101010101011   0
0111100000011011   0
0101100101000110   1
0001001011010011   1
0001111011010100   0
1101010110011000   0
0100100011111000   1
1101110001011111   0
1011011010001001   0
0001011111000000   1
1110110000110101   0
1100111110000101   0
0000101011010001   1
1110011011111101   0
0011100001100011   1
1000100110001110   1
0111111110111011   0
1011000111111111   0
1101011100110110   0
0100000001101100   1
1000001110010100   1
0010001001011101   1
0010110101010000   1
1101000111111110   0
1110000101010111   0
1000101110101101   0
0110001100010011   1
0100011001101111   0
1011101011010001   0
0011001111011010   0
0111110011010011   0
1000100001111011   0
1001100011110111   0
0001001001010111   1
0111110000111011   0
1110110010001101   0
0101001010111111   0
0110000111110000   1
1101011010110111   0
1100101000111111   0
0100000010100101   1
0100011010001111   0
0101001001001010   1
0010001000101100   1
1000110000100001   1
1110010011110101   0
0100010101010100   1
1101000101110110   0
1100110101011100   0
1111001001011011   0
0110110111000001   0
1101010011100100   0
1011110000110111   0
0111000111000011   0
0000110101100101   1
1100010001011001   1
1111011101000011   0
0100010001001011   1
1001110101111010   0
1011011000000111   0
1011101111110010   0
1011010011110110   0
1110011011011010   0
1010111000101101   0
0110000110010110   1
1011100111111010   0
1011010101001000   1
0101110101000111   0
1110110110101110   0
0111001011001110   0
1001000011001101   1
1001011100000101   1
1000101111001011   0
1000010101101110   0
1000111100111010   0
0001000001010100   1
1001011111111011   0
0000101100000100   1
0000110110001100   1
1001110110011001   0
1011100101110011   0
0101101110011111   0
1111100100110100   0
0100010100000000   1
1000101100101010   1
1111001110111100   0
0001101010101111   0
1001101011100111   0
1100110111001111   0
0001111111101001   0
0111010000010100   1
1110011010111000   0
1000011010010100   1
0000001011110010   1
0010101110111011   0
0100111000010111   0
1111001010010000   1
0111011011100100   0
1001011011001011   0
1111001001010010   0
1110000010111000   1
1100000011100110   1
0000011000111110   1
1001101100001001   1
0111110001000110   0
1100111101110010   0
0111011011000110   0
1111100100010100   0
0010000111000101   1
0000010011011011   1
0001101110101111   0
0001110110100001   1
1011011111010010   0
0001110011111011   0
1001110111001100   0
0000001001011111   1
1110010111110111   0
0100000001011110   1
0101011100000001   1
0111111101100000   0
1011000001111010   0
1000000010000000   1
1001110100110001   0
0001101010010111   0
1101011100010110   0
1111100101110000   0
1111011101110111   0
1001101010100101   0
0111101111010111   0
1010101001000111   0
0000000111101101   1
1000101001011101   0
1001110001010101   0
0111001010000011   1
0000011000011010   1
1011000111011111   0
0111001000010001   1
1101000010010011   1
1111011101001110   0
0100111110010000   1
1011001010001110   0
0111101110001001   0
1111000111010000   0
1000000011100011   1
1110010011101011   0
1110000011010101   0
1001101000111100   0
0000010011001101   1
0111110111011101   0
1111110000011001   0
0000101110111100   0
1000010010111000   1
0101011000011000   1
0001011100101010   1
0000000001001011   1
1011100001100010   1
0110011100110001   0
1110011001111000   0
1100000010110011   1
1100001100100110   1
1111011100101110   0
1100110001101101   0
0000010100100010   1
1100111000001011   0
1010000101100101   1
1100011000110010   1
0110010101000110   1
0000010101110111   0
1110101111001010   0
0000110011011001   1
0111010001000111   0
1100100000100110   1
0110000000111010   1
0100110111111001   0
1111001101010001   0
0111101010010000   1
1010010101011000   1
0100101010110000   1
0111000001110001   1
0110011100101010   0
1111100011110110   0
1111101001001000   0
1111101011011010   0
1010010110011011   0
1101011001010001   0
1011100100010010   1
1110001000111110   0
0001001000111010   1
1111101111110100   0
0000101010001010   1
0001111100111000   0
0000010000111100   1
0110001000001001   1
1101101110011111   0
1000100010000000   1
0111010011110111   0
0100101101100101   0
0011001101000110   1
0101100110011110   0
1000111100011011   0
1100111001010101   0
0010011101111111   0
0100110011011110   0
1011001000111100   0
1010001000110111   0
1101010011000011   0
0100111111010100   0
0011011111101001   0
0010011111000011   0
1110000000000001   1
1101111101011100   0
0111101001000000   1
0001000000011101   1
1011111000000100   1
0010000011110111   0
0100100000100000   1
0101011010011010   0
1101010001101001   0
0000001101100011   1
1010011100001001   1
0101010011001110   0
0100110111110010   0
0010000011001011   1
0010011011100100   1
1011111100011101   0
0110010110001011   0
1001011010101010   0
0111110100101110   0
0101000111011010   0
0100000100010000   1
0000111110010111   0
1011100100010001   1
0100001110110110   0
0000111100010011   1
0011111111110000   0
0001010110111001   0
0110100101100111   0
0001000010011101   1
0110110010101000   1
0101001010111111   0
1010100000010001   1
0001101001010000   1
1110110010011001   0
1101001111000100   0
0101011111100011   0
0010101110111111   0
1110001110110010   0
0001100111010100   1
1100101010001111   0
0001100011110111   0
0011000101000000   1
0101101000101000   1
1001111110101100   0
0000011111111001   0
0001000101101000   1
0101011000001111   0
0011100001110001   1
1000110001100100   1
1011001000001000   1
0001001101101011   0
0011101001111000   0
0000111110000011   1
1111100111001110   0
1011111000011101   0
0100001010000001   1
0111100000101110   0
0110000010111101   0
1101001001001000   1
0010100110110011   0
1110100011110000   0
0011110001001101   0
1101100101001011   0
1010110011111001   0
1000010101011100   1
0010010110000100   1
1101110100011010   0
0100101100101101   0
0110010100001000   1
0011001001010111   0
0010011011000110   1
0100011101010001   1
1001111110000100   0
1111110011010101   0
0110101101010011   0
1101010110100000   1
0011110011001000   1
0001101011011101   0
0000110101001101   1
1100001111110000   0
1101011101100110   0
0100100011001100   1
0100000111011010   1
1111111011000001   0
0010000100101110   1
0100110110000011   1
1100100010011100   1
0011000101111110   0
1110111010101000   0
1101001100100101   0
1010111010000111   0
0001001001111011   0
0001000001111011   1
1110100010001001   1
0100110000010010   1
1101010000011110   0
0010110000010001   1
0000010000001000   1
0000011110101111   0
1111110100000101   0
1001011100000000   1
0100000011010110   1
1101111100000010   0
0000110001100111   1
0001110010100111   0
1101011001101001   0
1111111000000101   0
1001100011100000   1
0101010111001100   0
0110100111110000   0
1000010001000000   1
0000101010111011   0
0111010000000010   1
0111011011000110   0
0001111110101001   0
1010100101101011   0
1011011010000110   0
1000101000011001   1
1111011010100101   0
1001110000000010   1
1110101110100011   0
1101111100010011   0
1010000000100110   1
1110001010001000   1
1100110101010101   0
0000010001001000   1
1100110110001110   0
1010010110111001   0
0111111100011000   0
1011110101100110   0
1100101010110011   0
0111101101110001   0
1110111111100001   0
0011001110000010   1
1000010101000010   1
1111100100110011   0
1110000100010000   1
0010110101001101   0
0100011001001101   1
0000000000100010   1
0001111001010001   1
1011001100110111   0
0010011011100010   1
0000101110001000   1
1011111001000110   0
1101101001111000   0
0111000011101000   1
0000111010111111   0
0100000100011011   1
1101111010000000   1
0111000000000000   1
0010110000100000   1
0110111111110111   0
1111100100000001   1
1101101110100110   0
0000100110111001   1
1100100111100010   0
0010010101100111   0
0001001111110000   1
1001000011011100   1
1001011111010110   0
1000001000101011   1
0111110001000100   1
0000001011111100   1
0100000100101011   1
1010110110000010   1
1000001101011110   0
1001111010010111   0
0101011010110010   0
1001001000010111   1
1010000111101001   0
1010110100001001   1
1111101110010001   0
0000100001000010   1
0100110100100111   0
0000101100010001   1
0001001001000010   1
1110111000010110   0
0000110010011010   1
1100111101111011   0
0010000000011101   1
0010010101011011   0
0101001001000011   1
0011010010000011   1
0011011101010000   1
0000010100010010   1
1010001100000011   1
1010111011110100   0
0011001100000100   1
0101010100111000   1
0001000010001110   1
1000100010010100   1
1111000110101011   0
0011100110110000   1
0100100100100001   1
1100000010011000   1
0001111110010110   0
1000110110101000   1
1110000011011010   0
1110100100100100   1
1011000111100001   0
1110001010111101   0
1011001010111001   0
0110010011100111   0
1011000101001001   1
1111100111111111   0
0101101110010001   0
0110100001011011   0
1001011100101001   0
1011011101101011   0
0010000110000000   1
0100011011111001   0
0001001011101110   0
0010110110101101   0
1111110110111011   0
0100000001101011   1
0001010000011100   1
0100100000111101   1
1110011111010101   0
1111110001011110   0
0010110100010110   1
0100110111010001   0
0110010011010011   0
0111001010000101   1
1010111010111111   0
0010010001100110   1
1000000001111101   1
1101000110110000   1
0101100110011010   0
0101011010011100   0
0010100001011001   1
0011111001110011   0
0100001110100011   1
0000011110101000   1
0100000001111011   1
1110001101100100   0
1001000011101110   0
1011011001101100   0
0010110011111110   0
1100000111011010   0
0010001111111111   0
0110100111011101   0
0011101001101010   0
0100010010111011   0
1011001110000110   0
0101000011100100   1
1000100100100011   1
1110100010111001   0
0100001000010011   1
0110000100011110   1
1111111011000111   0
1000000011010011   1
1000111101100001   0
1101001100101101   0
0010110011011100   0
1101000010100011   1
0010010111111010   0
1011111011100001   0
1011011001100100   0
0000010010000010   1
0001011100001000   1
0011101101101000   0
0000101100101000   1
0010001000110000   1
1011011100010011   0
0011000011011011   0
0001010111100110   0
1111011001011101   0
1001010011000100   1
1100000111111001   0
1001000011010001   1
0110000000011110   1
0111011010001101   0
1110010111100111   0
1111011011111111   0
0111100010010001   1
1101111111100000   0
0110000000100110   1
0111011011111100   0
1001111011011100   0
1000110101100000   1
0110110110001001   0
1110100001110010   0
1100011101001000   1
1000111000100000   1
1101000001101101   0
1111000110001000   1
1010000101010000   1
1011000100011000   1
0010111100000001   1
0010100001011110   1
1000111111111110   0
1000011110100111   0
1011110101010101   0
1010001011110111   0
1110000001001100   1
0100000001101110   1
1110101100010011   0
0001000110100010   1
1011010000110110   0
0110110101110011   0
0010110100100010   1
0011111000010011   0
1001010010100001   1
1101001101000100   1
1001100110111111   0
1110110010000100   1
1101000100011011   0
0101011010101010   0
1011101111000101   0
1010001101011011   0
1010001100101010   1
0001111111101100   0
1110101100010110   0
1001101101110000   0
0010011111010011   0
0011111110010011   0
0111000110010011   0
1101101010011110   0
1111001010000111   0
1101010100111100   0
0001110010010111   0
0110001000011100   1
1010101100100010   1
1101110111011110   0
0110100111111011   0
1101111110101000   0
0010100010011001   1
0100001101010110   1
0011000001011010   1
0000011010000001   1
1001110000001011   1
1100000011001110   1
1000000100101110   1
1101110011011000   0
0100010001010011   1
1110100010011010   0
1110100100010101   0
1010001111010000   1
0100100011111110   0
0000001101111111   0
0011101010110001   0
0001010000001001   1
1010101100000100   1
1001001011001001   1
1011011110111111   0
1110001100111010   0
0101000010100010   1
1000110000010100   1
1111010001111010   0
1111001010000101   0
0010001010011110   1
1101101010011111   0
0010011010110010   1
1000110000001011   1
1001101001001110   0
1110010011101000   0
1001110100000001   1
0010011010100001   1
1001011111110010   0
0100000101101110   1
0101100010101000   1
1101100100101111   0
0101100100011011   0
0000101110111011   0
0010111001010001   1
1100101101000111   0
0011111001111000   0
0011001010011111   0
0010101100100101   1
1111011101110110   0
1110100101010001   0
0001100100011111   0
1011110110111000   0
1000011110010010   1
0001101100011001   1
1101110110111000   0
1000011001000110   1
1001110110111011   0
0111110011011101   0
1101100110001110   0
0010111010100110   0
0111010010110011   0
1011010001100100   1
0111111010111000   0
0001011110110001   0
1110001000100111   0
0111100001101000   1
0000010001000111   1
0010011001010001   1
0101111000100110   0
1100000101001001   1
0000001111110000   1
0101011001100000   1
0010110110011110   0
1010110001110100   0
0110101110000001   1
0100100110010010   1
0111101010011101   0
1110111101110110   0
0101010110011010   0
0000010010100000   1
1001001011101011   0
0000110010001000   1
1010010111000011   0
1010110010011100   0
1000100111001000   1
0010001011101010   1
1111010100111010   0
1011110010101010   0
0101110000111110   0
0001111010110010   0
1110001011100000   1
1111101011011001   0
1000101011011000   1
0010100110001101   1
1100110111101111   0
1000001100001011   1
1101000010101100   1
0011110110111111   0
0010100001111101   0
0011101101010001   0
0110001011011101   0
1010001011001100   1
0110000110000100   1
0000001011111111   0
0110100011101101   0
0001110111111111   0
0101010010001100   1
1001011100111011   0
1001100111101110   0
1000001011000100   1
0101000010001101   1
1100010000111111   0
1111100000010110   0
0100111000000000   1
0011001101110001   0
1110010010111011   0
0110001110011000   1
1100110101100100   0
1010111001010011   0
1111111101111111   0
0000110101000100   1
0101100100011001   1
1000000010001100   1
0010111010001010   1
1001110101010000   1
0010010110011100   1
1101110010010010   0
1100011100001001   1
0111111000011110   0
1100110000011001   1
1101100111110110   0
0000110110000110   1
1011100011010111   0
0101001111001000   1
0001000100101011   1
1001111100000000   1
0100111011000011   0
1111000101000100   1
0110101100111011   0
1110000111101101   0
1011110111001101   0
1101101101100011   0
0100101011111111   0
0001001111011100   0
1001011010011001   0
1101101010011000   0
1111111111010001   0
1000010001111000   1
1001110111000111   0
0010110110110000   1
0111011111111010   0
0101101101101000   0
0000101000000111   1
0011110101001101   0
0110110101011010   0
0101010001011110   0
0101001010011011   0
1111000111100011   0
1110110011100110   0
0100011101000101   1
0100100100011100   1
1100011110100000   1
0100110111101101   0
1010100010110111   0
0110011001101001   0
1101101101100110   0
0101111010011101   0
0000010110010110   1
0001011100110011   0
0010000111110000   1
1111010100100010   0
0000001010111110   1
1010001100010010   1
1011010000101011   0
0110011000001010   1
1100110101001011   0
1010000111011000   1
1001100011101010   0
1001110000000000   1
0111001011110111   0
1111001001010011   0
0111001110100010   0
1001001011111101   0
0101100011110010   0
0111110110011010   0
0011010001101001   1
1001000001011111   0
1110011001001110   0
0001001101100110   1
1000111100010110   0
1000001001010101   1
1000100111101011   0
0101011101001010   0
0010101100001100   1
1111011001001001   0
0010101110011000   1
1101100101111110   0
0101101101010100   0
0000000000000010   1
1011000100001001   1
0000010001110101   1
0101010101110111   0
0001111011111111   0
0100010010001010   1
0101001101110001   0
0001000111000100   1
0101101100111101   0
1010001001101000   1
0011011000010000   1
0011000010100101   1
1111101011010000   0
0010001100111111   0
1110000010100001   1
0111111000010011   0
0100110100101110   0
0001100001010010   1
1001100101110001   0
0000110110111011   0
1010111111111001   0
0011000010111001   1
1111011100111100   0
1001000001111110   0
1011101100100100   0
0010110001101011   0
1110101100110010   0
0000011100001010   1
0011110111101010   0
1000100011000110   1
1001001111101011   0
0011111010011111   0
1111100000101010   0
1100110100110110   0
1101111111001001   0
0001100001000111   1
0110001110100111   0
0001110110000000   1
1011110110111101   0
1001001111000011   0
1110100110001000   1
1111010011001111   0
1010010001110001   1
1000011000111110   0
0011110111101101   0
1011100000001011   1
1011100101110010   0
0110110110011100   0
1100101111011100   0
0111000010101101   0
1000111111001010   0
1101010111110100   0
0110100011111000   0
1111100000100111   0
0111001101001011   0
1100010010001100   1
1001001000000100   1
1110100111110000   0
0110011110011001   0
0000101010011110   1
0110011101111001   0
1111011101010110   0
0000011110111000   1
1011111000001011   0
1010010001011010   1
0000010110001110   1
0110110110111111   0
0000010000000111   1
1000010010000000   1
0010100100010000   1
0110100111110101   0
1110110011011100   0
1100111011111010   0
1001001011111010   0
0010011110101001   0
0001110100011111   0
1110000100011101   0
0011011001000010   1
1110011110111011   0
1110101010001001   0
0011011100011100   0
1100110101011110   0
1011010011001110   0
0110001110101000   1
1110000011100110   0
1100110110110100   0
0000110000110010   1
0011000001001100   1
0011001010111111   0
1011110000000010   1
1010100100101101   0
1110101111101011   0
0011001111111000   0
1010001011011100   0
0000010110101010   1
0010010110000000   1
0101010011100001   1
0011000111000100   1
0010101101011111   0
1101001000000110   1
0111001011110100   0
0110010111111110   0
0101010111101111   0
0000001011100111   1
1000001011101011   0
1011100101010000   1
0110000100100011   1
1000111111010100   0
0111010100110110   0
1111101001000011   0
0100011011101110   0
1011010111000111   0
1001111100110101   0
0011010011000101   1
1100111101010110   0
0110000001010010   1
0001110110011111   0
0111111111011110   0
0101111011011010   0
1101101011010011   0
1100111101011111   0
0100110100000010   1
0001111001011001   0
0100001001010011   1
1001000111000100   1
1101111011011111   0
1101100010110111   0
0010001100101001   1
1010000010111101   0
1010100010100000   1
1110110100100000   1
1111100010111101   0
0010011101000111   0
1001101111011100   0
1111001100010101   0
0111010101101111   0
1110011000000010   1
0110111000001101   0
0000110010100111   1
1101110100001010   0
1010010011111101   0
1101000001110101   0
1110101100001000   1
0110100001100010   1
1100101101111010   0
1001011101110010   0
1111101101000000   0
0001111110001011   0
1111010101111010   0
1100001100011110   0
0111110011111101   0
0001000000100110   1
0001111011111100   0
1010111001100110   0
0101111110011011   0
0011110000101010   1
0001110000101000   1
0001000110011111   0
0011000011000000   1
0010110110100001   1
1000000010011100   1