1000101010110101   1
0110011010110001   1
1010101011101101   1
0000111100011000   0
1110110011100001   1
0100000111111001   1
1110100100001110   1
1110111100011011   1
0110001011000110   0
1011000001001001   0
1001100110101011   1
0110111110010000   1
0101011010011110   1
1010111100110011   1
0100000010000100   0
1100000100001110   0
0110100110111000   1
1101010101101111   1
0101100001000000   0
0111110011100010   1
1010100011101001   1
1001110010110010   1
0100011110010010   0
1000001011101001   0
1011001000000011   0
1001100100110011   1
1010010000101111   1
0000001011011001   0
1101001000011011   1
0100000100010101   0
0001111110011001   1
0010011010001011   0
0010110001111010   1
1011000111001111   1
0110101011100111   1
1000001010100100   0
1111010101010100   1
0101100100001000   0
1000000001000011   0
1011101000000101   0
1101110111000101   1
1101101110011111   1
1010000111010110   1
0010011100101001   0
1011010100110010   1
0000110011011001   0
0100100010111100   0
0111111111101100   1
1011111001000111   1
1110011100011110   1
0010101001010001   0
0100001110111110   1
1100000110110100   0
0000001101010101   0
0111100011111110   1
1000011110110110   1
0000110111011011   1
0011101100101011   1
0100110110100101   1
1111111100011111   0
1001100010110001   0
0001000011101010   0
0111001001101000   0
0110110010010011   1
1011001100110001   1
0010110011101001   1
0100011101000110   0
1001011101010101   1
0000000111010101   0
1100110011000101   1
0000011000011001   0
0011111010100110   1
1100000101000000   0
1100100010101101   1
1110010101000111   1
1100001010111100   1
0110101011110011   1
0100011100001111   1
1011001011101101   1
1110010001110010   1
0001001110111010   1
0010011101001111   1
0010000000110000   0
0101111011000011   1
0000101101110111   1
0101000011011001   0
0111101010111001   1
1101110000101010   1
0001111000110001   0
0110101110011000   1
0100000010110110   0
0110110110011100   1
0101010000110010   0
0000001010000011   0
1100011010010000   0
0000100110000011   0
1011000011001111   1
0000100111000000   0
1101010001100100   0
0001010100101100   0
1011001000111111   1
0100110111000011   1
0010100111000101   0
0110011000100111   1
1101100001111111   1
0111001010011111   1
1000101110011110   1
1000001100001101   0
0001101110001111   1
0010011110111111   1
1110101001011001   1
1001101101000010   0
1100001101110111   1
1101100100010111   1
0100101011111010   1
0010011110000111   1
1100010110101100   1
1001110010110000   0
1010011001001110   1
0110010001110010   0
0001010100001111   0
1001110001011110   1
0110011101010000   0
0100001100110110   0
1101011011010111   1
1000100010101000   0
0000101010101001   0
0000011000110001   0
0100011111101101   1
1110000100001100   0
1010000110101000   0
1001110011100101   1
1101010000101000   0
1111111111111111   0
1000000100101110   0
0110010001110000   0
1100100010010011   0
0001110011101010   1
0110000001100001   0
1011111000000010   0
1110010110111111   1
0011100011100000   0
0000101110001111   1
1010010100011001   0
1010010011110110   1
1110010000101011   1
0110101110010111   1
0000001100111101   0
1100100000001101   0
0110010000010100   0
1111101010011000   1
0010001000000111   0
0000100111111011   1
0111000100101000   0
1011000100000000   0
0000011011101011   1
0111000000111101   1
0001000000000011   0
0001111110000011   1
1000101011110101   1
0011000010100110   0
0000010010010001   0
0100001011011101   1
1110110111110010   1
0110111001101000   1
1110001101101111   1
1110111010101011   1
0111110111001010   1
1010001111001111   1
0110000101110011   1
1010011000010111   1
0111001101011110   1
0100101000010001   0
0101010111111010   1
1101000011011010   1
0000110100000110   0
1101010100111110   1
1100000000000101   0
0001001100010011   0
0110100000010000   0
1010011110110100   1
1110010010101100   1
1111011000010101   1
1111100000000000   0
1010101111000011   1
1100011100111101   1
0010010100101011   0
0101110000001001   0
0111011001111100   1
1010001101010101   1
1000011100100010   0
1001101101100111   1
0110000100011010   0
0110110111111000   1
1111010110100111   1
0111101011101011   1
1011000101011011   1
1000111110110000   1
1000111101001101   1
0101100100101110   1
1111011101010101   1
1110010011000010   0
0111011101000010   1
1010011101011010   1
1011001011110101   1
1100001000001011   0
1001001001011010   0
0111000001011011   1
1000011011111110   1
0010000000001111   0
0000001101010011   0
0011110100001101   1
0100101101001011   1
0100010010101100   0
0001010101110000   0
0111001110111101   1
0100000001001110   0
0110011000111000   0
0100001110001011   0
0110100000111011   1
0001110101011111   1
0110111110000100   1
0001011010000111   0
0011010000110100   0
0101011000101011   1
1000111001101101   1
0000010111010111   1
1100010110000010   0
1010111100110111   1
0111000001001101   0
1101101010010100   1
0100101100010100   0
0010000010001111   0
0101011000000011   0
0000010101100000   0
1000000100110111   0
0001110000001100   0
0011110010110111   1
0000101111011011   1
1111011011100101   1
1110100110100010   1
1001101110101110   1
1001001100110110   1
1111001001110111   1
1000110001010010   0
1011000111101010   1
0010101010001010   0
0101101101100101   1
1101111010010011   1
0011100000110100   0
1001101011011010   1
1011100001001111   1
0010111011111011   1
0101010011001111   1
0000110111110110   1
1101010100100100   0
0000110111101010   1
0000000010110000   0
1110010111010100   1
1110110111111001   1
1111100000111101   1
0110000101100100   0
1111000010110101   1
0101010011000100   0
0010101111010010   1
1010100000001110   0
1111001101110110   1
0001101111001011   1
1000101010011001   0
0101001000101101   0
0101100111010111   1
1000001001000011   0
0011100101110100   1
0100000010001011   0
1111101111110011   0
0000001011001110   0
0001010101100011   0
1101011000100100   0
0011010011001111   1
1111000011010001   1
0001010010011110   0
1001111001110011   1
1011101010001001   1
0110001110100101   1
1001010011001101   1
0000101101101010   0
1111011010101010   1
0010000001101110   0
0000001111100111   1
1001110010010001   0
1100000010110111   1
0010000101001111   0
0110001010100100   0
0101001011001100   0
0111110011100000   1
1101100011110011   1
0011111000000101   0
0001110010100101   0
0011011101011110   1
0001111101100000   0
0011001100011110   1
0100011011001111   1
1011100011000101   1
1011000011000001   0
1011101110011111   1
1010001011000101   0
0100000111010110   0
0001001001000000   0
1110011111010111   1
0100010010000011   0
1010101110001000   0
1011011010111100   1
1111100010101010   1
0111101000010110   1
1011111101111111   0
0001110001111010   1
0011001110000011   0
1110001101101100   1
1011010010001100   0
0110111111100100   1
0111001110001111   1
0010000100101100   0
0000010101110000   0
1001001010100111   1
0101111001010100   1
0110100100011010   0
1100010011111010   1
1000111100101010   1
1110011101000101   1
0101010111001010   1
0100101001101100   0
0101010010111110   1
0000000010110011   0
1110011001010001   1
0000011001011001   0
1001011100000101   0
0111111001000100   1
1001111011011110   1
0110001011011100   1
1011110000111000   1
0100101001101100   0
0010000011010100   0
1110011100000011   1
0000000100110010   0
0100000001111000   0
0011001101001000   0
0010011111100010   1
0110110101100001   1
1001100001110111   1
1111100110011000   1
0100001111101010   1
1010011010000100   0
1011000111111111   1
0111010010010110   1
1010001100100100   0
1100011011001011   1
0000100100000011   0
1001110001000101   0
0101100111010101   1
1110000011001110   1
1110010111110011   1
1010101001100001   0
1100001000010011   0
0111100001110011   1
1101111000101101   1
1001001001110010   0
0100110000110111   1
0000111010111000   0
0010101011101010   1
0010010001110111   1
0010110001100000   0
0000100100001000   0
0110011111001010   1
1010010011110111   1
0000000101010011   0
1010110010010011   1
0101001110110111   1
1111001100111111   1
0100000101111011   1
1111110001010011   1
1000110001110010   0
0110101110110010   1
0100100100101111   1
0111010110010111   1
1000000111101011   1
1110111111011000   1
0000000100010101   0
0010100111000000   0
1110011000111110   1
1000000001101000   0
0100010100001110   0
1001111111111100   1
0111001100010011   1
1101100000000001   0
0101011001101011   1
1001011100111001   1
0111011111000010   1
1101111110001000   1
0000100010011100   0
0011001000011011   0
1000101001011110   1
0010100100010111   0
0011001111001011   1
1001101101111000   1
1111000100110010   1
0010011111101001   1
1000001010001011   0
0011000110110101   1
0101101001110010   1
1100110001111011   1
0000111000010011   0
0101001001000010   0
0010101011111000   1
0001010011001010   0
0010001110111100   1
1100101111101010   1
0011101011110011   1
1110011000010101   1
0001001111001011   1
1000010101111110   1
1100101000110110   1
0110001010011001   0
0011001100001000   0
1110111100110010   1
0111010010111101   1
1011111000101111   1
1101000010000101   0
1100010010011101   1
1100100001011000   0
1100000000011000   0
0101110100010111   1
0001011000010100   0
1011010011001101   1
1010111110111100   1
1111101101001010   1
0100110000000010   0
0000100001101111   0
0010011011001111   1
0100010100100110   0
1101100010001111   1
1110110001011110   1
1000101101101110   1
1001011010111100   1
1001110101001011   1
0001101000110010   0
0100110001000101   0
1100110101100000   0
1111101100110111   1
1110100001110011   1
0000110001001000   0
0111000010000001   0
1101001001100101   1
1110100000010101   0
1101001111110000   1
0011101001101000   0
0000010101001011   0
0010000001111110   0
1111001011000111   1
0101001000000100   0
1110111000100000   0
1101111010011110   1
0111011111010111   1
1100011001000000   0
1101000010011011   1
1011001110101100   1
0010000001010101   0
0100010001100000   0
0111101010101100   1
0000011010010011   0
1101001010101100   1
0101001001101001   0
1110111001010000   1
1110110000000111   1
1110001010010011   1
0100000111000011   0
0101010110001011   1
0010110001100101   0
0100001111001101   1
0100100110010000   0
1101011001110110   1
1101011111010011   1
0010011100000101   0
1100110111110110   1
1011111101010010   1
1011000111010011   1
0100001010101001   0
1011011000010010   0
0100110010000101   0
0111100110110110   1
0101111101111111   0
1110011000110111   1
1010000000101010   0
0000011001110001   0
0001000000110011   0
1100000001011001   0
1010100010110001   0
0101010110001010   0
0101110110111000   1
0010000000100011   0
1100010101110000   0
0111011101001011   1
0100100100111110   1
0011110001101000   0
1111101110011000   1
0000011100011001   0
1101001110010010   1
0010110011011010   1
1111001001100000   0
1000110001011010   0
0011100001010001   0
0111101101111011   1
0010110010111101   1
1011010001111000   1
0000111011010101   1
0101110101010100   1
0001010111101000   0
1110101010001111   1
1100100000100101   0
0000001110011010   0
1011111001001110   1
1011101110100111   1
0010011000110001   0
0110101010001010   0
0010010101111101   1
1001010011111011   1
0011000010011101   0
1110010100000000   0
0110010110111011   1
0110110101001010   1
0010011110001110   1
0010110110001000   0
0100100101001111   1
1111110111101111   0
1010100011111100   1
1011010011101111   1
1101100010101101   1
1001101100101100   1
0001110110000010   0
1010000000101101   0
0011010101100001   0
0001111101101010   1
1100101011110010   1
0010101100011101   1
0101000010110100   0
1011100110010000   0
1001000110110000   0
0001011010111100   1
1001001100101100   0
1101110110101011   1
0001101101011010   1
0010000001011110   0
1011101001100000   0
0010101101111100   1
1010001001110110   1
0011111000101011   1
1111101010100000   1
0111100100010010   0
1001110011110001   1
0001100011001001   0
0011011011100100   1
1111001000100110   1
0111111000111000   1
1100100111010100   1
0101011010100011   1
0101111100000010   0
1100111011101100   1
0100010111100100   0
1010001010011101   1
1101010100010101   1
1111110100101110   1
0010111101001100   1
1100111011110101   1
1010111111000000   1
0001111001111101   1
1110011001010100   1
1101010111101101   1
1111110100100011   1
0000100100101010   0
0101100101000001   0
0111101010000111   1
1001011101011110   1
0100101000111010   0
0101011110000000   0
0011100011001110   1
1000000111101100   0
1001111111100110   1
0110011111111110   1
1110011110001000   1
1101100100001100   0
1101101011011001   1
0101110100100110   1
1011011011111001   1
0000100001111000   0
0100101000011110   0
1111010010110100   1
1100111101010000   1
0110100011010010   0
1101101110100101   1
0111101101001001   1
0110010000011001   0
0000101100111010   0
1011101101010111   1
0100011000011010   0
0101100110011110   1
0101100111100000   0
1111110110011011   1
0111001110011110   1
0100101001101011   1
0101001100101001   0
0011100011010011   1
1101111111011000   1
0001111001000010   0
1010000010110010   0
1100011011101111   1
1100000110011111   1
0111111001100011   1
1010011110010001   1
0011010010100110   0
0110010000000000   0
0001010000101111   0
0110001011101110   1
1011110001101100   1
0001111111011101   1
1001100001000000   0
0111100101111010   1
0110101111101110   1
0000001001110100   0
0001010000011010   0
0110111111000000   1
1000001101110010   0
1101001001010110   1
0101111110011101   1
0010011011110101   1
1011000100000001   0
0000101110110000   0
0011001101000100   0
1001110001000001   0
0101111011110101   1
0011101010110110   1
1010010010111110   1
0000101101000000   0
1110010101101000   1
0011001000111010   0
0001010000001010   0
1100001101011111   1
1110111001001011   1
0010001101100111   1
0100000100011001   0
0110101101010010   1
1001000101111110   1
1011000011101001   1
0000011001000011   0
1101110110111010   1
1000100101001010   0
1000110111001010   1
1001010111001010   1
1011101011100000   1
0010011111110010   1
1000011110101010   1
1100100111111111   1
0111010101000001   0
0001010100110011   0
1110001111101001   1
1111100100110000   1
1111010111001110   1
0111100100001000   0
0001100000100101   0
0010111110111001   1
0000001010100100   0
1010110010101100   1
1000001111100110   1
0000111100101110   1
0001111010101010   1
1110101100000011   1
0010100110000101   0
1111100110110001   1
1101001001001001   0
1111010100011111   1
1101011111111001   1
1101011000000100   0
1110100001010010   0
0111010000010011   0
0001000100110110   0
1001101010111101   1
1100110100101100   1
1100000101101110   1
0010000011111100   0
1011001100100101   1
1110100000111100   1
1110111111000111   1
1101111000100101   1
0100111101111011   1
0111100011000000   0
1000110011110111   1
1100010001110001   0
1001100111110011   1
1111011110000111   1
0101010011010110   1
1010001011000111   1
1000111111001101   1
0110101101011011   1
1110000110110100   1
0001000111110000   0
0011011111011010   1
1110111011110100   1
1111010010111100   1
0010010111100010   0
0100101100000000   0
1110000011111010   1
1011110111011011   1
0001101010100010   0
0110110000010110   0
0101011100100010   0
0111011111110011   1
0110111001010000   0
0101101010011000   0
1100110110111000   1
1001000001001010   0
1011011101010111   1
0000000110010111   0
1101110001011001   1
1001111110000000   0
0111001110110000   1
1011011111101100   1
1011100001001001   0
0100110010101100   0
0110111010010010   1
1010000010010111   0
1000011100001100   0
1100101001000001   0
1000100010001000   0
0111001000011101   1
0010111000010001   0
1110100110101111   1
1000001101100111   1
0000011110100000   0
0000000100010100   0
0101011001110111   1
1011100110001010   1
1111011101100101   1
1111110001000000   0
1101101000011110   1
1001101000010110   0
0001001001010110   0
1011100010011011   1
0011100100001101   0
0001001001111110   1
0110000111110100   1
1110111011010000   1
1100110000100111   1
0101000010100000   0
0101011011000001   0
0110001001111010   1
0110010011111101   1
0000111110100101   1
0111110001110000   1
0100000001110111   0
0111000001110100   0
1110010101000010   0
0001101100001011   0
1110110111000001   1
0100110101101100   1
0011011000000011   0
1111010011110011   1
1110010101100111   1
1110011011011101   1
1011011111011011   1
0001011001001011   0
1100000100011011   0
0100111010001001   0
1011101101110111   1
0101011010000111   1
1111100001010000   0
0011110100101011   1
1100010101111111   1
0001010101111010   1
1000010011101001   0
0000110011011100   0
1011100111100110   1
0011111010001100   1
1001000011001100   0
0010011101010101   1
1011101001001111   1
0110000100101110   0
1000000001111000   0
0101100110001100   0
0110111101011001   1
0010101101001110   1
1101110100001100   1
0001110111001001   1
0010111111110001   1
0101101100001011   1
1111101000010000   0
1100010101100000   0
0001111101101010   1
1010101100111000   1
0111101101110101   1
1000101100101110   1
0001110011011110   1
0111110010001111   1
0111011000010100   0
1010011110111101   1
1000010110010111   1
0010011011111110   1
0010011110110111   1
1011110011110101   1
1011000001010100   0
0110100010111101   1
0001100011101011   1
0100001011110011   1
1010000000001000   0
1110000001111100   1
1100101100111110   1
0001111100001011   1
1110110001001100   1
1010111111110001   1
1101010101101110   1
1110100100101010   1
0000000011000110   0
0000001011010011   0
0010100010111111   1
0101101110110001   1
1101011111011011   1
0001011110110011   1
0011011111001000   1
0001001001110110   0
1110111110010010   1
0001010011100100   0
0010100110100001   0
0111101100101011   1
0011001001100111   1
1110010010010010   0
0001110101010001   0
1001101110011101   1
0111011101011100   1
0010101000000010   0
1101001101110000   1
0001001110100100   0
0001001001111110   1
1010010110010101   1
1000100011101100   0
1100010000111101   1
0011010000010111   0
0001001011111011   1
1100011000000101   0
1111110111010010   1
1111001111000001   1
0011100010000000   0
0010011110011111   1
0100011110100100   0
0011000011001010   0
0101001101001001   0
0000010101110000   0
0001001111001111   1
0011110000001111   1
1101101011010101   1
1011110110101111   1
0011110111100110   1
0100100111011101   1
1011000110110011   1
0010111010111111   1
1100111010111000   1
1100101010010100   0
0000010100110011   0
1001011101110101   1
1001010101100000   0
1100110000001001   0
0110011101110000   1
0100001110100100   0
0100000110101111   1
1111011110000111   1
1110011111000100   1
1110010110000101   1
0101001100011111   1
0100001011010001   0
1111001000010010   0
0100101100100100   0
0001000111010100   0
0101001110001000   0
0000010011010010   0
0001000001010001   0
0010001000110110   0
0011000010111000   0
0110110101111000   1
1111001100000000   0
0101100010010000   0
1110000101111010   1
0111000110111100   1
0011000110101011   1
1010001000001100   0
1011000011110000   0
0110100001101000   0
0111000111100011   1
0101110110010011   1
1111011111110100   1
1101100111010011   1
1011011101110011   1
0010101100111110   1
1000111001110010   1
0011011011011110   1
0100111110001000   0
1000010000101010   0
1110001010011101   1
0101101010101001   1
1101000000011000   0
1100010011110010   1
0001111001100101   1
0010001100000011   0
1000000110001111   0
1011101010011111   1
1101101000010100   0
0010000001011111   0
0100110110011000   0
1010001101110100   1
0010011010111001   1
1111011001001010   1
0111111110111100   1
0011011111111100   1
0000101001000000   0
0010000111101011   1
0111101100001100   1
0001111011111101   1
1111101001011100   1
1001110000001100   0
0110100011010111   1
1100000101101110   1
0000010110010011   0
0001000010111011   0
0000100111100111   1
1001011110100101   1
0000011001101100   0
1010000000111010   0
1001010111010001   1
0100011111111100   1
1111101100010110   1
1010110110001111   1
1001001110111011   1
0111110100100110   1
0111001111010001   1
0110100100010100   0
0000111111011101   1
1011011100011101   1
0000111001101100   0
0110001000101011   0
0001100111010100   0
1101010000111100   1
1111010111000110   1
0111000010000101   0
0010110000101100   0
1010010110010111   1
1110111000110001   1
1011110000001100   0
1100010110101010   1
1111000110011100   1
1011011111100011   1
1011111110010011   1
1101001010111110   1
0000100111110000   0
1001011011000001   0
0110100010110110   1
0001101010010001   0
1101101100000000   0
1001100111101101   1
0100110010111001   1
0001000101101000   0
1101001001001000   0
0100100011010000   0
0010111001010111   1
1110101100011000   1
0001100001111011   1
1101001101111000   1
1101110110000000   0
1110100111110101   1
1001111001010110   1
1100000010001001   0
0110010000101100   0
0100101110010101   1
0101011001000001   0
0010100010101011   0
1000100010010100   0
0011110101001110   1
1001100101001100   0
0011111011110000   1
1001000110011001   0
0010010110001110   0
1100110110001111   1
0100111000100101   0
1110000001011101   1
0000011101010101   0
1011000100000010   0
1100000001110110   0
1011110110010100   1
0111001101001001   1
0111111111110101   0
1100010111100000   0
0011100110011011   1
1011101111001111   1
0110010100101101   1
1100001011110000   0
1000010100111010   0
0110000100011110   0
0010000011111110   1
1011010110110001   1
0010100100101010   0
0100100111000001   0
1110000111111010   1
0110010101011111   1
1000001110101000   0
1010101110101000   1
1011011010110101   1
0011001011101111   1
0011000011101110   1
1010000000010101   0
0101111000011010   1
0000010100001100   0
0000010001101100   0
1000110000001100   0
0000011110000001   0
1101110101100010   1
1011111010010010   1
0100110011010100   0
1000111101010010   1
0110100101101111   1
0011000110100111   1
1110111011000101   1
1101111101010101   1
0001100111000000   0
0100001100001011   0
0011000111100001   0
1001111000110001   1
1110100010101100   1
0010000000000110   0
0101010001000011   0
1001111100111011   1
1110001001011001   1
1010111110000011   1
0001011010011011   1
0110000010010101   0
1101010010100011   1
0110101111001111   1
1001001000000001   0
0011001010110000   0
1110011110100000   1
1100011101001001   1
0010011000000100   0
0101101111001111   1
1111010101101000   1
0111111010010010   1
1110111000110010   1
0101001110100111   1
0101000111111001   1
1111101101101101   1
0011001000100110   0
1100110110001101   1
0010101111010100   1
1000000100001110   0
0000011000101001   0
1100001001011001   0
0011010110100000   0
0100010001011000   0
1100000100111011   1
0010101111110110   1
1010000100111010   0
1111111001100101   1
1111011011101000   1
0110000101001000   0
1001101001011111   1
1111100000011110   1
1001110111001001   1
0000100000100101   0
1010111000000110   0
0111101011110100   1
0111100101010100   1
1101101111100101   1
0010100100000101   0
0000111111101011   1
0000010101100110   0
0001110011110100   1
0100100010001110   0
1101111101010110   1
1011001000001000   0
0010110100000110   0
0011011011100110   1
0110000100000100   0
0011000100000000   0
1011101011000011   1
1011100111010010   1
0001011011011000   0
1110101100011111   1
1010011110100001   1
1010100010011011   1
1111101110000000   1
0000011110100010   0
0110010001100111   1
1010001110101001   1
1000001111100011   1
1010111001010010   1
0001110101010100   0
1100011001101111   1
0111000010011111   1
0010101001010010   0
0101010101000001   0
0011010010100011   0
0011010001101000   0
0110010110010010   0
1111010000100001   0
1110110011100100   1
1010001100100100   0
0100000001101000   0
0000100110011110   0
1001100100000100   0
1100010100011011   1
0001101011110001   1
0100100001000011   0
0101000001011010   0
1001110011011110   1
1000110111101010   1
1010001111011010   1
1101100001100110   1
0011000000100100   0
0100101011110101   1
0011000010111011   1
0110110011010010   1
1001101110110111   1
1111000011100010   1
1001001110010000   0
0110100011010111   1
0011111110101001   1
0101011000101000   0
0011100110110100   1
1111010011111011   1
0000011011101110   1
0010110110000111   1
1110101100100000   0
1000100011000011   0
0011011010010101   1
0101100110101101   1
0111111011000110   1
1011110011100111   1
1010110000110011   1
1001110011011011   1
0100010000101010   0
1101001011000101   1
0011110010111111   1
0100000000101110   0
0000010011110110   0
0101110001110000   0
1011000110101010   1
1101011010010000   0
0010111001011011   1
0000110001100000   0
0110010110100011   1
1111001100100001   1
1000000001111101   0
0110000110000111   0
0010101001101110   1
0110101001101110   1
1111110110110111   0
1111010111101010   1
0000000010110111   0
0100101011111001   1
1011100000111000   0
0100010111111000   1
1110001110010110   1
0100001101000101   0
0100111100100110   1
1100011010101000   0
1100001110110010   1
0100100000011001   0
0101011101011010   1
1001010111110011   1
0111100100000101   0
1001100000111101   1
1010111011010000   1
1000011000111011   1
1010011111001110   1
1011110111110011   1
1111100110110101   1
0000110101000000   0
1101011100111110   1
0111001110101100   1
0000001000011011   0
0110001100110011   1
1100001110000010   0
0101001101000110   0
0010001110100010   0
1100111011011001   1
1001100001101101   1
0010001011100100   0
1011000111111111   1
0110001100010100   0
1111110010001100   1
1110110011110011   1
0001001111100000   0
1111100010011011   1
0100001101000010   0
0000100011000110   0
1000111111011101   1
1000000011010110   0
1000100111100011   1
0110111100000100   0
1010100001011110   1
1110111011000000   1
0110001100100001   0
1101011100101111   1
1111001010000000   0
0011011010111100   1
1111010101001101   1
0000111010001001   0
0010101011011101   1
1010111100011111   1
1110101100110101   1
0111110011110111   1
1111100100000110   1
1111000010011101   1
0110000001101100   0
1011000110110011   1
0000111100100010   0
1010010001110010   0
0100100001100011   0
0010100100000001   0
1010111000100011   1
1011001001101001   1
1111101110010110   1
1000101110110110   1
0110110000010100   0
0101001100110001   0
0100001110001010   0
1011101111000101   1
1001011111000000   0
1000111101101110   1
1001110110000100   0
0010001101010000   0
0000011100010000   0
0010110110010011   1
0010101010110001   0
0110010110101010   1
1001100010010100   0
1111001100011010   1
0111110001111111   1
0101011110000100   0
1110110000011110   1
0111010000100110   0
1010111101111110   1
0100001001111110   1
1101111111111100   0
0011101000111111   1
0100001101010011   0
1010101000001010   0
0010001011100100   0
1101110100001011   1
1100101010000111   1
1001010101100000   0
1101010010111111   1
0000010001110011   0
0110100010111110   1
0111100000000101   0
0000000101011101   0
1010101010111111   1
0000110101111011   1
0011001000011100   0
1110100000011111   1
1110101001101100   1
1000000011111000   0
0011101100111111   1
1110011100001010   1
0100011111111101   1
1101100000000101   0
1111100101011011   1
1000101000110101   0
0000101010110010   0
1000100010110000   0
0010110010100010   0
1101100000111111   1
1111101000000111   1
1110011100001010   1
1101111111001100   1
0111011011111111   0
0111011110011110   1
1010001100001011   0
0101001011111011   1
1101000111001011   1
0111001111011100   1
1001111101111011   1
0000011001000001   0
1111111100101100   1
0011101001111001   1
0000000011111110   0
1011100100101001   1
1101111101000010   1
0111110011111100   1
0011100000001001   0
1111101110010011   1
1000110110010010   0
0011100100110110   1
1111110100011000   1
0110000101000100   0
1100010110111111   1
0111111000000000   0
1100100000000110   0
0110101010001110   1
1011010000110011   1
1101111001111101   1
0111111101111000   1
1001001011111001   1
1110001101010101   1
0110100110000111   1
0001011011101011   1
0100001000001011   0
0011011100100101   1
1110101100011100   1
1100100011010100   0
0010011110100101   1
0100110011000001   0
0111110000010100   0
0000111010010111   1
0110000111110010   1
0011111010111001   1
0010110101110110   1
0001010110110110   1
0000010110101010   0
0000010010101010   0
0100110011011000   0
1110010101000010   0
1110110110111101   1
1000110111001110   1
0011110111101010   1
1111011100010100   1
1000100110101000   0
0101110001010001   0
1000110100000010   0
0111111111110011   0
1111101010010100   1
1101010001110100   1
1001100010001100   0
1001010111111101   1
1110100000000010   0
1101000111100000   0
1011000010001010   0
0010100101100111   1
0010100000001001   0
0110001001111100   1
0011101101010100   1
0111001100111000   1
1011111000100111   1
0111001001111001   1
1001110101011110   1
0111111000001111   1
0011011101111111   1
1000101111101010   1
0001001101000001   0
0101000010111011   1
1011011100110001   1
1101000010011000   0
1101111000100010   1
0100100111011010   1
1111001010011011   1
0001101010011000   0
0101100101110000   0
1010000101001011   0
1111011100111011   1
0100111001100000   0
1111100100001110   1
1000111000001101   0
0010101111001111   1
1001100100011100   0
0011110111110100   1
1101100000010000   0
0110011100000000   0
1011011010010100   1
1100111001011111   1
0011010101010000   0
0001011111111111   1
1111100011011111   1
0110001011111001   1
1111001100110011   1
1001001100100100   0
1000001101001110   0
1011100100100100   0
1010101001011111   1
0110010010000100   0
1001110011011101   1
1101111011000100   1
0001101011111111   1
1001001011010100   0
1000111011011011   1
1001100110010010   0
1110011111010010   1
1100100000011101   0
1001100011000001   0
0000111110010010   0
0101011011111001   1
0101100101010000   0
0000100000000111   0
1111110110001000   1
0100110001101010   0
0000000001001010   0
1101001011011010   1
0110000101001011   0
1101100011100110   1
1110110101000110   1
0110000100011000   0
0100001000000000   0
0101001110001101   1
1000110011010111   1
0010011110110110   1
1101110001111100   1
0111101011001110   1
0010011101010100   0
1001011001000111   1
1100100111011000   1
0110011111100011   1
1100011011100110   1
1110000001000001   0
1110000100101011   1
1101011100001000   0
1101000100100011   0
1000011001011000   0
0010110001110110   1
1111110000001010   1
0111101101110011   1
1011010001110111   1
1010011000110011   1
0011011011011101   1
0001000000100110   0
0100110110011110   1
0111000001100000   0
1001100010111000   0
0101011011111110   1
1001111011111110   1
1100010100010110   0
1100101001011001   1
1000000111100111   1
0110101001001010   0
0111101000000000   0
0111011000100011   1
0100111011011000   1
1111100101111111   0
1101001100011010   1
0010011110101010   1
1011000100110000   0
1000011100011111   1
0010010101111111   1
0011110111101011   1
0011101110110011   1
0101000101010001   0
0110011011000101   1
1101101111010100   1
0010010001001000   0
0100110000010010   0
0111110010101100   1
1011101100100100   1
0110011100111101   1
1110001110110001   1
0010111001000001   0
0111101000000100   0
0000000000010010   0
0111010001101110   1
0001011111111011   1
0010010110001100   0
0010000011100001   0
0111110100011100   1
1011000011101001   1
1011100011100001   1
0011000001110011   0
1101101011000011   1
0001010110001000   0
1011100001101011   1
1010011000010100   0
0101001011111110   1
0011010010011010   0
1011000011101110   1
1100110100100000   0
1110001000001000   0
0101001001100110   0
0110111110001111   1
0000010000011101   0
1010010101011101   1
1001100001100011   0
1111111111000000   1
0011000000111111   1
1011010100111001   1
1111011000001101   1
0011000011111001   1
1010001010001011   0
1111001000111010   1
1011110011101100   1
1010101111011100   1
0110010010000001   0
0110111111001011   1
1111100111100100   1
0010100100111000   0
1111101000001101   1
0111011100111011   1
1001101110001100   1
1011011000101111   1
1111100110110100   1
1000001100001000   0
1100001010001111   1
1100000101001010   0
0011000101010100   0
0010111110110000   1
1111111100011011   1
0000010001010010   0
1101100011100110   1
0110110110011110   1
0100110000000111   0
1000011111011001   1
0010000010010001   0
0010010101110111   1
1110100110010000   0
1000101011101011   1
1010010100100111   1
0010011110011101   1
1001000110011110   1
1110010100011100   1
0101010110100110   1
1010100110011000   0
0110011010111001   1
0111001110011100   1
1101001100011011   1
1011110001001111   1
0110001010101110   1
1110011100100100   1
1100000011100011   0
0000110011110101   1
0111000000111101   1
0000001101110111   1
0010110001010010   0
1010101000001101   0
0111111011100001   1
1111011001101111   1
1011001011101101   1
1010011110001001   1
0111001011110100   1
1101011001010010   1
0001100110000101   0
0010010000111100   0
0000111100011010   0
0011010001101110   1
0010110011111100   1
0110111001100100   1
0110100001111111   1
1101010010101001   1
0000110000010111   0
0101101110100001   1
1100110001011101   1
0111010010111011   1
1101101111000011   1
1000111001101010   1
0010011100100111   1
1001100100100101   0
0011111011000010   1
1100000000100111   0
0111010001011010   1
1001111010111111   1
0101000101001111   1
0100000011010000   0
0010001001011000   0
1010111101011100   1
0010101101110001   1
0110111011011001   1
0111101001110011   1
0000000100011100   0
1100010010000110   0
1101000000111111   1
0110100000101011   0
0101100010001101   0
0000111010100011   0
1100110101001010   1
1011100010100100   0
0000011000011111   0
0111101001001100   1
1111001100010011   1
0101110001011111   1
0011011100000001   0
0010111001000100   0
0010010111011011   1
1111101011111110   0
1010100110001011   1
0100011011011111   1
0111101010001000   0
1110100000110001   0
1001101100011110   1
1010111100110011   1
1110101101000010   1
1001111111001110   1
1110010101011111   1
1101000100101110   1
0111000011111000   1
0101001010100010   0
0011011000111001   1
1111110100111100   1
1011101000001011   1
1001010011101000   0
0001110100111100   1
1001101010111111   1
0001000010100100   0
0010011011101110   1
0000110011000000   0